,pred,true
521,85.52775,88.17
11,46.72171,34.1
530,85.52775,82.72
495,40.365826,40.3
534,24.747665,33.5
341,58.1413,58.15
510,90.30012,78.6
74,45.55315,26.0
402,34.77283,36.1
123,26.297018,24.4
401,34.77283,19.8
156,25.72236,14.9
250,46.11392,21.99
272,18.33672,18.35
161,5.7267776,2.7
130,6.6779237,10.5
189,39.403877,48.89619
252,40.616344,23.89
422,17.31963,0.3
404,34.77283,14.6
497,45.877975,45.9
8,34.266758,58.0
150,19.816708,14.85
335,47.72997,48.46
223,25.737808,12.39
4,19.891747,16.0
43,9.371816,22.3
288,32.098904,29.9
56,9.371816,13.15
359,44.44977,56.97
187,39.541004,42.36534
385,40.809803,22.0
193,29.529728,29.07
400,40.616344,19.8
381,16.758875,31.8
463,37.677254,46.0
309,37.701553,41.19
62,21.627962,28.63
41,10.055248,14.8
214,11.133412,15.5
301,30.407839,34.13
17,26.838001,37.3
449,37.677254,46.0
93,16.04348,16.7
13,25.72236,35.0
40,41.864624,30.2
191,14.526736,20.73
30,25.813337,4.33
33,30.743395,37.5
529,84.03936,81.34
307,16.47445,14.45
558,40.616344,49.8
68,25.72236,13.3
314,20.613575,12.39
257,25.961298,28.54
280,39.272175,16.77
254,25.245022,16.59
431,27.827347,27.0
282,28.199652,7.94
291,28.239832,30.24
545,12.735329,11.9718309859155
538,15.633208,6.6
552,14.430025,20.8
127,17.409492,40.5
217,24.117687,46.5
46,39.088795,17.7
231,24.342443,27.3
477,32.579098,63.0
442,36.720356,43.1
61,18.358944,31.48
416,16.04842,12.8
441,0.3854504,0.34
24,49.13897,32.3
384,29.45589,29.4
324,25.663872,25.55
84,24.761467,7.9
152,25.72236,18.5
75,45.55315,16.0
352,50.171585,36.66
348,28.26424,28.27
197,24.24095,13.03
562,19.826336,13.03
293,26.190853,35.14
397,28.35344,44.1
542,15.939892,20.5479452054795
258,23.95925,25.82
124,12.36542,9.2
141,46.528896,53.1
331,46.177242,46.85
511,90.30012,76.5
398,28.35344,44.1
483,18.372879,18.4
188,36.481895,52.36038
549,36.375385,63.0
429,22.335508,25.0
184,50.65438,56.79
79,14.401947,24.3883720930233
517,81.2128,87.42
365,26.048643,9.58
388,43.380203,40.0
415,19.793343,3.1
496,29.329407,30.6
432,35.90996,40.4
468,1.742753,24.93
271,25.961298,28.54
531,81.2128,70.73
321,28.073076,32.02
317,0.4992319,0.5
129,17.857601,15.2
409,30.068775,58.0
446,32.25344,29.4
182,9.371816,17.6
49,34.286686,37.1228070175439
